5000
4639
4749
4942
4132
4901
4116
4443
4147
4274
4675
4359
4944
4459
4078
4820
4183
4756
4726
4714
4846
4138
4112
4892
4059
4981
4741
4132
4619
4288
4291
4799
4081
4972
4214
4232
4566
4564
4237
4401
4946
4552
4163
4891
4344
4596
4004
4882
4870
4594
4981
4282
4878
4314
4351
4803
4015
4757
4568
4016
4233
4935
4427
4132
4576
4755
4793
4798
4954
4534
4918
4564
4118
4158
4013
4352
4931
4281
4616
4418
4381
4185
4883
4152
4779
4213
4738
4935
4610
4942
4678
4200
4114
4360
4981
4861
4143
4036
4958
4889
4321
4806
4393
4893
4776
4173
4323
4979
4582
4606
4263
4012
4816
4600
4842
4020
4474
4217
4930
4657
4426
4326
4416
4208
4484
4663
4529
4521
4303
4876
4221
4879
4713
4606
4309
4392
4574
4605
4378
4857
4198
4264
4237
4745
4050
4912
4942
4851
4799
4865
4443
4783
4144
4092
4341
4659
4503
4481
4002
4480
4566
4336
4458
4324
4382
4534
4237
4647
4946
4058
4713
4816
4680
4542
4905
4999
4656
4843
4717
4834
4586
4276
4169
4046
4425
4321
4375
4779
4212
4917
4401
4409
4555
4917
4861
4593
4224
4393
4953
4677
4866
4227
4922
4556
4029
4281
4135
4965
4119
4208
4210
4650
4098
4004
4400
4892
4987
4743
4665
4495
4012
4461
4452
4212
4747
4668
4157
4887
4575
4430
4811
4251
4446
4643
4642
4459
4277
4238
4429
4037
4473
4051
4630
4001
4502
4016
4078
4949
4006
4787
4049
4955
4710
4124
4397
4384
4685
4742
4162
4345
4878
4960
4296
4372
4518
4866
4075
4164
4945
4343
4470
4290
4140
4676
4845
4368
4373
4416
4387
4463
4344
4950
4757
4142
4751
4754
4729
4231
4272
4465
4958
4731
4785
4630
4192
4529
4144
4932
4046
4529
4157
4423
4961
4004
4369
4740
4781
4346
4182
4445
4333
4016
4218
4935
4984
4547
4749
4820
4641
4116
4706
4937
4408
4184
4056
4220
4227
4580
4943
4381
4228
4129
4060
4452
4756
4811
4308
4954
4418
4810
4711
4152
4829
4192
4949
4012
4267
4854
4138
4495
4144
4043
4932
4454
4938
4004
4822
4313
4281
4318
4799
4645
4993
4288
4434
4782
4617
4427
4855
4752
4245
4912
4296
4578
4600
4388
4543
4326
4861
4446
4213
4656
4287
4194
4823
4838
4318
4447
4616
4504
4370
4304
4032
4154
4701
4868
4150
4549
4265
4695
4439
4792
4371
4265
4807
4741
4699
4578
4335
4558
4495
4175
4886
4175
4171
4400
4519
4829
4721
4842
4416
4243
4403
4201
4929
4562
4716
4770
4984
4272
4507
4668
4576
4763
4490
4753
4799
4780
4117
4056
4397
4085
4669
4622
4382
4685
4317
4422
4606
4222
4479
4806
4914
4765
4442
4164
4576
4101
4031
4482
4087
4838
4578
4100
4831
4915
4352
4514
4633
4809
4482
4368
4466
4810
4753
4782
4032
4525
4206
4477
4242
4536
4033
4705
4856
4721
4939
4888
4220
4579
4658
4875
4473
4110
4953
4503
4383
4220
4920
4084
4261
4072
4860
4143
4806
4380
4197
4013
4934
4590
4025
4811
4365
4424
4661
4204
4682
4756
4402
4996
4392
4882
4107
4671
4985
4193
4374
4219
4322
4248
4824
4573
4800
4988
4157
4265
4100
4351
4406
4491
4701
4103
4426
4561
4371
4373
4153
4844
4274
4456
4222
4727
4248
4213
4565
4784
4803
4714
4880
4767
4146
4147
4162
4603
4462
4006
4970
4187
4912
4786
4357
4061
4308
4746
4414
4864
4723
4788
4919
4922
4586
4950
4339
4718
4587
4136
4226
4535
4392
4164
4586
4351
4005
4630
4559
4683
4523
4150
4692
4192
4639
4334
4467
4702
4356
4574
4941
4146
4874
4495
4080
4794
4379
4436
4571
4934
4102
4743
4396
4912
4578
4914
4329
4329
4905
4230
4464
4787
4634
4816
4622
4568
4262
4928
4072
4829
4250
4983
4627
4506
4901
4401
4925
4419
4327
4478
4773
4468
4841
4229
4064
4329
4686
4014
4357
4166
4507
4257
4405
4528
4623
4707
4876
4484
4270
4854
4621
4662
4269
4835
4810
4844
4526
4357
4136
4753
4510
4253
4953
4248
4504
4003
4405
4637
4804
4887
4176
4104
4976
4016
4890
4999
4205
4134
4441
4574
4851
4306
4753
4924
4636
4873
4717
4434
4064
4391
4601
4326
4290
4111
4392
4630
4586
4336
4279
4421
4111
4256
4646
4861
4093
4417
4306
4063
4475
4134
4347
4528
4347
4069
4214
4964
4000
4135
4109
4114
4395
4928
4911
4917
4735
4137
4623
4636
4421
4929
4590
4621
4265
4067
4634
4423
4504
4925
4111
4770
4519
4542
4906
4360
4417
4543
4483
4534
4475
4199
4223
4364
4462
4666
4064
4298
4173
4979
4508
4117
4686
4265
4017
4203
4536
4234
4726
4654
4251
4609
4612
4891
4161
4673
4824
4102
4384
4972
4368
4202
4465
4360
4100
4473
4032
4852
4706
4565
4542
4887
4326
4239
4884
4568
4164
4318
4143
4856
4804
4745
4795
4899
4833
4532
4796
4893
4704
4858
4163
4534
4271
4511
4042
4155
4959
4986
4990
4584
4960
4223
4793
4480
4257
4867
4454
4464
4523
4274
4512
4882
4878
4406
4253
4283
4180
4860
4511
4697
4658
4727
4895
4663
4874
4013
4817
4996
4765
4755
4945
4586
4325
4933
4849
4600
4260
4469
4069
4784
4544
4065
4724
4831
4204
4775
4464
4650
4737
4894
4003
4391
4126
4581
4764
4989
4705
4483
4580
4282
4196
4060
4175
4397
4244
4627
4249
4073
4591
4351
4184
4615
4324
4506
4800
4074
4179
4644
4757
4268
4910
4428
4473
4637
4681
4988
4540
4656
4226
4263
4974
4875
4054
4407
4177
4263
4440
4594
4854
4220
4952
4117
4174
4731
4354
4438
4748
4916
4996
4576
4650
4777
4372
4146
4607
4628
4029
4313
4921
4810
4415
4238
4340
4581
4986
4696
4070
4381
4449
4330
4198
4027
4320
4915
4392
4793
4617
4930
4104
4168
4974
4341
4115
4278
4001
4282
4314
4508
4149
4274
4203
4072
4231
4405
4109
4367
4797
4910
4252
4740
4387
4029
4506
4586
4681
4981
0
