100000
99721
99702
99503
99197
99423
99349
99476
99952
99517
99046
99615
99161
99908
99243
99961
99196
99473
99330
99621
99062
99268
99113
99992
99231
99837
99766
99449
99054
99607
99790
99557
99143
99768
99221
99283
99544
99769
99189
99257
99949
99139
99374
99841
99056
99022
99274
99920
99214
99411
99443
99463
99963
99923
99798
99544
99388
99356
99128
99207
99751
99809
99083
99793
99900
99137
99290
99531
99248
99228
99615
99126
99355
99273
99315
99259
99689
99984
99834
99907
99669
99077
99831
99315
99856
99697
99747
99891
99034
99053
99508
99052
99304
99933
99548
99224
99483
99149
99188
99255
99726
99533
100000
99849
99114
99556
99862
99111
99914
99858
99850
99034
99288
99502
99465
99453
99691
99805
99851
99016
99077
99703
99963
99567
99160
99125
99471
99047
99332
99681
99617
99303
99701
99892
99626
99366
99223
99427
99788
99254
99857
99960
99280
99548
99869
99497
99834
99779
99217
99012
99881
99288
99483
99097
99448
99684
99473
99937
99238
99595
99271
99884
99163
99131
99846
99625
99583
99989
99980
99678
99607
99172
99565
99017
99818
99635
99999
99801
99795
99329
99842
99751
99332
99086
99449
99754
99931
99821
99751
99980
99454
99868
99592
99227
99135
99381
99295
99501
99368
99526
99275
99970
99816
99736
99382
99908
99702
99946
99892
99160
99369
99521
99485
99241
99729
99100
99164
99173
99798
99454
99073
99728
99053
99154
99807
99038
99836
99590
99978
99486
99423
99647
99054
99132
99405
99286
99151
99035
99879
99321
99346
99599
99712
99626
99667
99087
99883
99043
99656
99548
99299
99315
99847
99379
99718
99990
99150
99268
99060
99274
99209
99850
99091
99244
99963
99637
99572
99373
99797
99901
99192
99261
99746
99307
99417
99354
99664
99433
99917
99579
99604
99799
99749
99814
99293
99252
99358
99078
99879
99695
99264
99824
99554
99416
99001
99656
99948
99271
99237
99082
99803
99999
99836
99950
99364
99029
99455
99745
99144
99031
99314
99357
99000
99353
99029
99153
99315
99570
99587
99292
99251
99579
99802
99844
99112
99923
99451
99056
99730
99911
99145
99370
99729
99220
99683
99400
99906
99530
100000
99543
99310
99812
99979
99334
99506
99815
99578
99509
99799
99057
99054
99253
99087
99668
99903
99237
99772
99899
99972
99216
99688
99293
99017
99848
99749
99346
99810
99741
99602
99341
99018
99292
99696
99431
99620
99369
99924
99582
99365
99678
99431
99020
99216
99473
99837
99678
99277
99284
99948
99672
99737
99140
99237
99021
99347
99425
99280
99900
99357
99657
99925
99416
99595
99883
99926
99940
99985
99936
99988
99524
99813
99181
99663
99477
99869
99523
99071
99328
99210
99195
99293
99805
99000
99994
99847
99636
99017
99079
99930
99471
99573
99800
99393
99381
99746
99610
99571
99984
99660
99803
99136
99057
99621
99669
99246
99747
99079
99834
99505
99798
99747
99542
99832
99044
99998
99756
99012
99481
99031
99192
99709
99544
99435
99280
99841
99622
99620
99757
99001
99019
99951
99542
99046
99451
99781
99865
99243
99954
99014
99003
99045
99027
99454
99318
99737
99017
99024
99776
99175
99698
99145
99699
99018
99821
99224
99136
99629
99031
99592
99131
99854
99686
99473
99677
99460
99604
99781
99582
99993
99906
99626
99258
99589
99979
99728
99452
99613
99742
99904
99898
99905
99866
99367
99022
99203
99024
99288
99261
99321
99910
99593
99235
99875
99601
99378
99892
99088
99874
99714
99356
99895
99517
99011
99349
99946
99070
99922
99153
99977
99030
99322
99111
99339
99382
99526
99304
99884
99746
99445
99062
99588
99148
99941
99591
99002
99899
99424
99357
99181
99561
99890
99756
99293
99509
99616
99150
99956
99093
99295
99450
99302
99876
99788
99370
99267
99570
99930
99718
99545
99384
99517
99993
99149
99692
99869
99496
99685
99962
99303
99403
99724
99668
99453
99245
99520
99268
99057
99598
99052
99062
99122
99409
99651
99108
99231
99118
99782
99293
99865
99226
99143
99209
99255
99266
99773
99469
99713
99837
99636
99466
99290
99170
99211
99916
99193
99802
99651
99320
99314
99496
99936
99717
99387
99485
99792
99034
99663
99809
99880
99986
99891
99353
99038
99138
99776
99969
99839
99667
99715
99556
99391
99350
99749
99149
99826
99514
99541
99068
99364
99628
99378
99666
99603
99963
99463
99304
99836
99733
99135
99278
99088
99431
99940
99394
99018
99623
99492
99055
99130
99158
99030
99438
99295
99347
99945
99988
99504
99490
99230
99353
99575
99577
99285
99646
99895
99783
99478
99892
99819
99706
99105
99600
99900
99481
99718
99263
99191
99642
99763
99597
99727
99209
99583
99991
99429
99284
99067
99969
99936
99065
99697
99937
99035
99117
99828
99582
99707
99654
99813
99338
99553
99600
99579
99396
99219
99611
99888
99160
99048
99113
99346
99136
99350
99482
99101
99491
99382
99414
99595
99761
99300
99469
99504
99677
99225
99805
99123
99986
99695
99583
99894
99140
99144
99875
99120
99538
99087
99183
99928
99944
99629
99789
99507
99750
99737
99095
99727
99125
99096
99497
99412
99360
99711
99147
99379
99771
99831
99312
99770
99595
99043
99777
99816
99579
99300
99846
99481
99937
99648
99623
99016
99562
99307
99042
99992
99149
99768
99513
99720
99921
99392
99235
99766
99948
99622
99668
99567
99198
99692
99457
99404
99108
99808
99124
99640
99485
99684
99921
99490
99723
99458
99287
99453
99194
99306
99362
99899
99035
99251
99731
99478
99536
99290
99458
99234
99747
99562
99311
99794
99094
99533
99154
99697
99249
99243
99211
99374
99807
99852
99894
99397
99135
99984
99117
99313
99443
99443
99425
99109
99778
99601
99655
99072
99443
99384
99959
99790
99752
99438
99982
99707
99884
99103
99357
99118
99713
99546
99527
99015
99324
99827
99749
99867
99691
99732
99745
99943
99004
99061
99892
99131
99506
99100
99108
99472
99913
99292
99476
99043
99837
99252
99881
99847
99182
99029
99757
99405
99506
99501
99686
99798
99334
99417
99969
99893
99486
99413
99372
99869
99938
99741
99149
99222
99333
99532
99877
99567
99237
99437
99320
99088
99394
99005
99875
99487
99687
99139
99022
99374
99865
99713
99055
99211
99620
99179
99214
99817
99464
99523
99808
99756
99405
99502
99011
100000
99775
99827
99116
99155
99504
99490
99761
99614
99488
99615
99113
99836
99619
99509
99248
99384
99116
99347
99105
99066
99399
99126
99579
99727
99326
0
