50000
49639
49749
49942
49132
49901
49116
49443
49147
49274
49675
49359
49944
49459
49078
49820
49183
49756
49726
49714
49846
49138
49112
49892
49059
49981
49741
49132
49619
49288
49291
49799
49081
49972
49214
49232
49566
49564
49237
49401
49946
49552
49163
49891
49344
49596
49004
49882
49870
49594
49981
49282
49878
49314
49351
49803
49015
49757
49568
49016
49233
49935
49427
49132
49576
49755
49793
49798
49954
49534
49918
49564
49118
49158
49013
49352
49931
49281
49616
49418
49381
49185
49883
49152
49779
49213
49738
49935
49610
49942
49678
49200
49114
49360
49981
49861
49143
49036
49958
49889
49321
49806
49393
49893
49776
49173
49323
49979
49582
49606
49263
49012
49816
49600
49842
49020
49474
49217
49930
49657
49426
49326
49416
49208
49484
49663
49529
49521
49303
49876
49221
49879
49713
49606
49309
49392
49574
49605
49378
49857
49198
49264
49237
49745
49050
49912
49942
49851
49799
49865
49443
49783
49144
49092
49341
49659
49503
49481
49002
49480
49566
49336
49458
49324
49382
49534
49237
49647
49946
49058
49713
49816
49680
49542
49905
49999
49656
49843
49717
49834
49586
49276
49169
49046
49425
49321
49375
49779
49212
49917
49401
49409
49555
49917
49861
49593
49224
49393
49953
49677
49866
49227
49922
49556
49029
49281
49135
49965
49119
49208
49210
49650
49098
49004
49400
49892
49987
49743
49665
49495
49012
49461
49452
49212
49747
49668
49157
49887
49575
49430
49811
49251
49446
49643
49642
49459
49277
49238
49429
49037
49473
49051
49630
49001
49502
49016
49078
49949
49006
49787
49049
49955
49710
49124
49397
49384
49685
49742
49162
49345
49878
49960
49296
49372
49518
49866
49075
49164
49945
49343
49470
49290
49140
49676
49845
49368
49373
49416
49387
49463
49344
49950
49757
49142
49751
49754
49729
49231
49272
49465
49958
49731
49785
49630
49192
49529
49144
49932
49046
49529
49157
49423
49961
49004
49369
49740
49781
49346
49182
49445
49333
49016
49218
49935
49984
49547
49749
49820
49641
49116
49706
49937
49408
49184
49056
49220
49227
49580
49943
49381
49228
49129
49060
49452
49756
49811
49308
49954
49418
49810
49711
49152
49829
49192
49949
49012
49267
49854
49138
49495
49144
49043
49932
49454
49938
49004
49822
49313
49281
49318
49799
49645
49993
49288
49434
49782
49617
49427
49855
49752
49245
49912
49296
49578
49600
49388
49543
49326
49861
49446
49213
49656
49287
49194
49823
49838
49318
49447
49616
49504
49370
49304
49032
49154
49701
49868
49150
49549
49265
49695
49439
49792
49371
49265
49807
49741
49699
49578
49335
49558
49495
49175
49886
49175
49171
49400
49519
49829
49721
49842
49416
49243
49403
49201
49929
49562
49716
49770
49984
49272
49507
49668
49576
49763
49490
49753
49799
49780
49117
49056
49397
49085
49669
49622
49382
49685
49317
49422
49606
49222
49479
49806
49914
49765
49442
49164
49576
49101
49031
49482
49087
49838
49578
49100
49831
49915
49352
49514
49633
49809
49482
49368
49466
49810
49753
49782
49032
49525
49206
49477
49242
49536
49033
49705
49856
49721
49939
49888
49220
49579
49658
49875
49473
49110
49953
49503
49383
49220
49920
49084
49261
49072
49860
49143
49806
49380
49197
49013
49934
49590
49025
49811
49365
49424
49661
49204
49682
49756
49402
49996
49392
49882
49107
49671
49985
49193
49374
49219
49322
49248
49824
49573
49800
49988
49157
49265
49100
49351
49406
49491
49701
49103
49426
49561
49371
49373
49153
49844
49274
49456
49222
49727
49248
49213
49565
49784
49803
49714
49880
49767
49146
49147
49162
49603
49462
49006
49970
49187
49912
49786
49357
49061
49308
49746
49414
49864
49723
49788
49919
49922
49586
49950
49339
49718
49587
49136
49226
49535
49392
49164
49586
49351
49005
49630
49559
49683
49523
49150
49692
49192
49639
49334
49467
49702
49356
49574
49941
49146
49874
49495
49080
49794
49379
49436
49571
49934
49102
49743
49396
49912
49578
49914
49329
49329
49905
49230
49464
49787
49634
49816
49622
49568
49262
49928
49072
49829
49250
49983
49627
49506
49901
49401
49925
49419
49327
49478
49773
49468
49841
49229
49064
49329
49686
49014
49357
49166
49507
49257
49405
49528
49623
49707
49876
49484
49270
49854
49621
49662
49269
49835
49810
49844
49526
49357
49136
49753
49510
49253
49953
49248
49504
49003
49405
49637
49804
49887
49176
49104
49976
49016
49890
49999
49205
49134
49441
49574
49851
49306
49753
49924
49636
49873
49717
49434
49064
49391
49601
49326
49290
49111
49392
49630
49586
49336
49279
49421
49111
49256
49646
49861
49093
49417
49306
49063
49475
49134
49347
49528
49347
49069
49214
49964
49000
49135
49109
49114
49395
49928
49911
49917
49735
49137
49623
49636
49421
49929
49590
49621
49265
49067
49634
49423
49504
49925
49111
49770
49519
49542
49906
49360
49417
49543
49483
49534
49475
49199
49223
49364
49462
49666
49064
49298
49173
49979
49508
49117
49686
49265
49017
49203
49536
49234
49726
49654
49251
49609
49612
49891
49161
49673
49824
49102
49384
49972
49368
49202
49465
49360
49100
49473
49032
49852
49706
49565
49542
49887
49326
49239
49884
49568
49164
49318
49143
49856
49804
49745
49795
49899
49833
49532
49796
49893
49704
49858
49163
49534
49271
49511
49042
49155
49959
49986
49990
49584
49960
49223
49793
49480
49257
49867
49454
49464
49523
49274
49512
49882
49878
49406
49253
49283
49180
49860
49511
49697
49658
49727
49895
49663
49874
49013
49817
49996
49765
49755
49945
49586
49325
49933
49849
49600
49260
49469
49069
49784
49544
49065
49724
49831
49204
49775
49464
49650
49737
49894
49003
49391
49126
49581
49764
49989
49705
49483
49580
49282
49196
49060
49175
49397
49244
49627
49249
49073
49591
49351
49184
49615
49324
49506
49800
49074
49179
49644
49757
49268
49910
49428
49473
49637
49681
49988
49540
49656
49226
49263
49974
49875
49054
49407
49177
49263
49440
49594
49854
49220
49952
49117
49174
49731
49354
49438
49748
49916
49996
49576
49650
49777
49372
49146
49607
49628
49029
49313
49921
49810
49415
49238
49340
49581
49986
49696
49070
49381
49449
49330
49198
49027
49320
49915
49392
49793
49617
49930
49104
49168
49974
49341
49115
49278
49001
49282
49314
49508
49149
49274
49203
49072
49231
49405
49109
49367
49797
49910
49252
49740
49387
49029
49506
49586
49681
49981
0
